27 11 2006
20 04 2007
25 11 2006
25 11 2006
25 11 2006
27 11 2006
28 12 2006
25 11 2006
25 11 2006
25 11 2006
25 11 2006
18 04 2005
28 12 2006
30 03 2007
32 12 2006
09 12 2006
28 12 2006
04 05 2007
20 00 2007
28 12 2006
28 12 2006
18 01 2007
18 01 2007
18 01 2007
28 12 2006
26 11 2006
26 11 2006
26 11 2006
14 12 2006
28 12 2006
25 11 2006
28 12 2006
28 12 2006
28 12 2006
27 11 2006
17 02 2007
03 03 2007
28 12 2006
30 08 2006
25 11 2006
28 12 2006
28 12 2006
26 11 2006
28 12 2006
27 11 2006
30 03 2007
28 12 2006
11 12 2006
11 12 2006
28 12 2006
28 12 2006
28 12 2006
28 12 2006
29 01 2007
28 12 2006
28 12 2006
08 02 2007
27 11 2006
28 12 2006
28 11 2006
28 12 2006
28 12 2006
27 11 2006
28 12 2006
25 11 2006
25 11 2006
25 11 2006
25 11 2006
25 11 2006
25 11 2006
18 01 2007
10 01 2007
10 01 2007
25 11 2006
28 12 2006
28 12 2006
27 11 2006
27 11 2006
18 01 2007
27 11 2006
25 11 2006
18 01 2007
18 01 2007
25 11 2006
27 11 2006
27 11 2006
27 11 2006
27 11 2006
27 11 2006
27 11 2006
27 11 2006
18 01 2007
18 01 2007
27 11 2006
27 11 2006
27 11 2006
27 11 2006
27 11 2006
25 11 2006
25 11 2006
18 01 2007
18 01 2007
25 11 2006
26 11 2006
18 01 2007
18 01 2007
27 11 2006
25 11 2006
25 11 2006
18 01 2007
18 01 2007
25 11 2006
25 11 2006
18 01 2007
27 11 2006
27 11 2006
18 01 2007
18 01 2007
27 11 2006
18 01 2007
25 11 2006
18 01 2007
25 11 2006
25 11 2006
25 11 2006
18 01 2007
18 01 2007
25 11 2006
25 11 2006
25 11 2006
18 01 2007
18 01 2007
25 11 2006
27 11 2006
27 11 2006
18 01 2007
18 01 2007
27 11 2006
18 01 2007
25 11 2006
18 01 2007
18 01 2007
25 11 2006
25 11 2006
18 01 2007
25 11 2006
25 11 2006
18 01 2007
18 01 2007
25 11 2006
18 01 2007
25 11 2006
18 01 2007
28 11 2006
25 11 2006
25 11 2006
25 11 2006
18 01 2007
25 11 2006
18 01 2007
25 11 2006
25 11 2006
18 01 2007
25 11 2006
25 11 2006
27 11 2006
27 11 2006
18 01 2007
27 11 2006
27 11 2006
18 01 2007
18 01 2007
18 01 2007
25 11 2006
25 11 2006
18 01 2007
18 01 2007
25 11 2006
27 11 2006
18 01 2007
27 11 2006
27 11 2006
18 01 2007
27 11 2006
27 11 2006
18 01 2007
27 11 2006
27 11 2006
18 01 2007
27 11 2006
27 11 2006
18 01 2007
27 11 2006
27 11 2006
18 01 2007
27 11 2006
27 11 2006
18 01 2007
27 11 2006
27 11 2006
18 01 2007
27 11 2006
27 11 2006
18 01 2007
27 11 2006
27 11 2006
18 01 2007
27 11 2006
27 11 2006
18 01 2007
27 11 2006
18 01 2007
27 11 2006
18 01 2007
27 11 2006
27 11 2006
27 11 2006
18 01 2007
27 11 2006
18 01 2007
25 11 2006
26 11 2006
18 01 2007
26 11 2006
25 11 2006
18 01 2007
26 11 2006
27 11 2006
27 11 2006
18 01 2007
18 01 2007
27 11 2006
18 01 2007
18 01 2007
27 11 2006
18 01 2007
18 01 2007
27 11 2006
27 11 2006
27 11 2006
27 11 2006
18 01 2007
18 01 2007
27 11 2006
18 01 2007
27 11 2006
18 01 2007
18 01 2007
25 11 2006
18 01 2007
18 01 2007
25 11 2006
18 01 2007
26 11 2006
18 01 2007
25 11 2006
18 01 2007
25 11 2006
18 01 2007
25 11 2006
18 01 2007
25 11 2006
18 01 2007
25 11 2006
18 01 2007
26 11 2006
25 11 2006
18 01 2007
28 11 2006
28 11 2006
18 01 2007
18 01 2007
28 11 2006
18 01 2007
25 11 2006
26 11 2006
07 12 2006
18 01 2007
25 11 2006
07 02 2007
18 01 2007
26 11 2006
16 01 2007
16 01 2007
18 01 2007
25 11 2006
18 01 2007
16 01 2007
25 11 2006
18 01 2007
25 11 2006
18 01 2007
25 11 2006
18 01 2007
25 11 2006
25 11 2006
26 11 2006
25 11 2006
26 11 2006
18 01 2007
26 11 2006
25 11 2006
26 11 2006
18 01 2007
18 01 2007
25 11 2006
25 11 2006
18 01 2007
18 01 2007
25 11 2006
25 11 2006
25 11 2006
18 01 2007
18 01 2007
25 11 2006
27 11 2006
18 01 2007
18 01 2007
27 11 2006
18 01 2007
27 11 2006
18 01 2007
27 11 2006
18 01 2007
09 01 2007
18 01 2007
27 11 2006
18 01 2007
27 11 2006
28 11 2006
18 01 2007
18 01 2007
28 11 2006
26 11 2006
18 01 2007
27 11 2006
27 11 2006
18 01 2007
18 01 2007
27 11 2006
18 01 2007
27 11 2006
25 11 2006
25 11 2006
18 01 2007
25 01 2007
25 11 2006
18 01 2007
18 01 2007
25 11 2006
18 01 2007
09 04 2004
18 01 2007
25 11 2006
18 01 2007
25 11 2006
18 01 2007
27 11 2006
27 11 2006
27 11 2006
18 01 2007
18 01 2007
27 11 2006
25 11 2006
18 01 2007
18 01 2007
25 11 2006
25 11 2006
18 01 2007
18 01 2007
25 11 2006
25 11 2006
25 11 2006
25 11 2006
18 01 2007
18 01 2007
25 11 2006
25 11 2006
18 01 2007
18 01 2007
25 11 2006
18 01 2007
18 01 2007
28 11 2006
18 01 2007
25 11 2006
25 11 2006
25 11 2006
18 01 2007
18 01 2007
28 11 2006
18 01 2007
25 11 2006
18 01 2007
18 01 2007
25 11 2006
25 11 2006
18 01 2007
18 01 2007
25 11 2006
25 11 2006
25 11 2006
25 11 2006
18 01 2007
18 01 2007
25 11 2006
25 11 2006
18 01 2007
18 01 2007
25 11 2006
25 11 2006
25 11 2006
25 11 2006
18 01 2007
18 01 2007
25 11 2006
18 01 2007
25 11 2006
18 01 2007
25 11 2006
25 11 2006
25 11 2006
25 11 2006
25 11 2006
25 11 2006
18 01 2007
18 01 2007
18 01 2007
25 11 2006
18 01 2007
25 11 2006
25 11 2006
25 11 2006
18 01 2007
18 01 2007
25 11 2006
25 11 2006
25 11 2006
18 01 2007
18 01 2007
25 11 2006
25 11 2006
18 01 2007
18 01 2007
25 11 2006
18 01 2007
18 01 2007
25 11 2006
25 11 2006
25 11 2006
05 04 2007
25 11 2006
18 01 2007
18 01 2007
05 04 2007
18 01 2007
27 11 2006
27 11 2006
27 11 2006
18 01 2007
18 01 2007
05 04 2007
18 01 2007
28 11 2006
18 01 2007
27 11 2006
29 06 1999
23 03 2002
26 11 2006
27 11 2006
18 01 2007
18 01 2007
27 11 2006
18 01 2007
27 11 2006
25 11 2006
25 11 2006
18 01 2007
18 01 2007
25 11 2006
18 01 2007
25 11 2006
18 01 2007
25 11 2006
18 01 2007
18 01 2007
28 11 2006
18 01 2007
18 01 2007
25 11 2006
18 01 2007
18 01 2007
18 01 2007
25 11 2006
25 11 2006
18 01 2007
25 11 2006
18 01 2007
25 11 2006
18 01 2007
27 11 2006
27 11 2006
27 11 2006
18 01 2007
18 01 2007
27 11 2006
18 01 2007
27 11 2006
27 11 2006
27 11 2006
18 01 2007
18 01 2007
27 11 2006
18 01 2007
28 11 2006
27 11 2006
27 11 2006
27 11 2006
18 01 2007
18 01 2007
27 11 2006
27 11 2006
18 01 2007
18 01 2007
27 11 2006
18 01 2007
18 01 2007
27 11 2006
18 01 2007
18 01 2007
27 11 2006
27 11 2006
27 11 2006
18 01 2007
18 01 2007
27 11 2006
18 01 2007
18 01 2007
28 11 2006
18 01 2007
28 11 2006
25 11 2006
25 11 2006
18 01 2007
18 01 2007
25 11 2006
25 11 2006
25 11 2006
18 01 2007
18 01 2007
25 11 2006
18 01 2007
18 01 2007
28 02 2007
27 11 2006
18 01 2007
18 01 2007
27 11 2006
18 01 2007
25 11 2006
18 01 2007
25 11 2006
18 01 2007
25 11 2006
28 11 2006
18 01 2007
18 01 2007
28 11 2006
25 11 2006
25 11 2006
18 01 2007
18 01 2007
25 11 2006
18 01 2007
28 11 2006
18 01 2007
28 11 2006
28 12 2006
28 12 2006
18 01 2007
27 11 2006
18 01 2007
27 11 2006
25 11 2006
18 01 2007
18 01 2007
25 11 2006
18 01 2007
27 11 2006
18 01 2007
19 04 2007
18 01 2007
18 01 2007
27 11 2006
28 11 2006
28 11 2006
28 11 2006
18 01 2007
25 11 2006
18 01 2007
25 11 2006
18 01 2007
25 11 2006
18 01 2007
25 08 1999
25 11 2006
18 01 2007
18 01 2007
26 03 2007
25 11 2006
18 01 2007
18 01 2007
25 11 2006
18 01 2007
18 01 2007
27 11 2006
18 01 2007
26 03 2007
18 01 2007
28 11 2006
18 01 2007
18 01 2007
25 11 2006
27 11 2006
27 11 2006
27 11 2006
27 11 2006
18 01 2007
18 01 2007
27 11 2006
18 01 2007
18 01 2007
27 11 2006
27 11 2006
27 11 2006
18 01 2007
18 01 2007
27 11 2006
27 11 2006
27 11 2006
18 01 2007
18 01 2007
27 11 2006
27 11 2006
27 11 2006
18 01 2007
18 01 2007
27 11 2006
27 11 2006
27 11 2006
18 01 2007
18 01 2007
27 11 2006
18 01 2007
18 01 2007
28 11 2006
18 01 2007
18 01 2007
28 11 2006
18 01 2007
18 01 2007
27 11 2006
18 01 2007
18 01 2007
18 01 2007
18 01 2007
18 01 2007
27 11 2006
27 11 2006
18 01 2007
27 11 2006
27 11 2006
18 01 2007
18 01 2007
27 11 2006
27 11 2006
27 11 2006
18 01 2007
18 01 2007
27 11 2006
18 01 2007
27 11 2006
18 01 2007
25 11 2006
25 11 2006
18 01 2007
28 11 2006
18 01 2007
18 01 2007
28 11 2006
18 01 2007
18 01 2007
28 11 2006
28 11 2006
18 01 2007
18 01 2007
28 11 2006
25 11 2006
18 01 2007
27 11 2006
18 01 2007
27 11 2006
18 01 2007
27 11 2006
25 11 2006
18 01 2007
18 01 2007
25 11 2006
18 01 2007
25 11 2006
18 01 2007
25 11 2006
18 01 2007
25 11 2006
18 01 2007
25 11 2006
18 01 2007
25 11 2006
18 01 2007
25 11 2006
18 01 2007
25 11 2006
18 01 2007
25 11 2006
18 01 2007
25 11 2006
25 11 2006
25 11 2006
25 11 2006
18 01 2007
25 11 2006
25 11 2006
18 01 2007
25 11 2006
18 01 2007
25 11 2006
25 11 2006
18 01 2007
18 01 2007
25 11 2006
27 11 2006
27 11 2006
18 01 2007
18 01 2007
27 11 2006
26 11 2006
18 01 2007
27 11 2006
27 11 2006
27 11 2006
13 12 2006
18 01 2007
27 11 2006
18 01 2007
27 11 2006
18 01 2007
27 11 2006
25 11 2006
25 11 2006
18 01 2007
25 11 2006
25 11 2006
18 01 2007
25 11 2006
25 11 2006
18 01 2007
25 11 2006
18 01 2007
25 11 2006
18 01 2007
25 11 2006
27 11 2006
27 11 2006
28 11 2006
28 11 2006
18 01 2007
18 01 2007
28 11 2006
27 11 2006
18 01 2007
25 11 2006
25 11 2006
18 01 2007
18 01 2007
25 11 2006
18 01 2007
20 04 2007
20 04 2007
27 11 2006
18 01 2007
25 11 2006
18 01 2007
18 01 2007
07 07 2001
18 01 2007
25 11 2006
18 01 2007
09 01 2007
18 01 2007
26 03 2007
18 01 2007
26 03 2007
18 01 2007
26 03 2007
18 01 2007
26 03 2007
18 01 2007
26 03 2007
18 01 2007
09 01 2007
18 01 2007
25 11 2006
25 11 2006
18 01 2007
18 01 2007
25 11 2006
18 01 2007
14 10 2005
18 01 2007
25 11 2006
27 11 2006
27 11 2006
18 01 2007
18 01 2007
27 11 2006
25 11 2006
25 11 2006
18 01 2007
18 01 2007
25 11 2006
18 01 2007
14 10 2005
18 01 2007
25 11 2006
18 01 2007
25 11 2006
18 01 2007
14 10 2005
18 01 2007
25 11 2006
18 01 2007
18 01 2007
26 11 2006
18 01 2007
18 01 2007
26 11 2006
27 11 2006
27 11 2006
18 01 2007
18 01 2007
27 11 2006
18 01 2007
27 11 2006
25 11 2006
25 11 2006
18 01 2007
18 01 2007
25 11 2006
27 11 2006
18 01 2007
27 11 2006
25 11 2006
18 01 2007
25 11 2006
18 01 2007
25 11 2006
26 11 2006
17 02 2007
18 01 2007
19 04 2007
19 04 2007
18 01 2007
26 03 2007
18 01 2007
27 11 2006
26 11 2006
18 01 2007
25 11 2006
25 11 2006
18 01 2007
18 01 2007
25 11 2006
18 01 2007
18 01 2007
25 11 2006
25 11 2006
25 11 2006
18 01 2007
18 01 2007
25 11 2006
25 11 2006
25 11 2006
18 01 2007
18 01 2007
25 11 2006
13 12 2006
18 01 2007
18 01 2007
13 12 2006
25 11 2006
18 01 2007
25 11 2006
18 01 2007
25 11 2006
25 11 2006
18 01 2007
18 01 2007
25 11 2006
18 01 2007
27 11 2006
18 01 2007
25 11 2006
25 11 2006
18 01 2007
18 01 2007
25 11 2006
18 01 2007
25 11 2006
18 01 2007
25 11 2006
25 11 2006
25 11 2006
18 01 2007
18 01 2007
25 11 2006
18 01 2007
25 11 2006
18 01 2007
25 11 2006
25 11 2006
25 11 2006
18 01 2007
18 01 2007
05 08 2002
25 11 2006
18 01 2007
18 01 2007
25 11 2006
18 01 2007
16 01 2007
25 11 2006
25 11 2006
25 11 2006
18 01 2007
18 01 2007
25 11 2006
18 01 2007
27 11 2006
18 01 2007
27 11 2006
18 01 2007
27 11 2006
18 01 2007
27 11 2006
18 01 2007
27 11 2006
18 01 2007
18 01 2007
25 11 2006
25 11 2006
25 11 2006
18 01 2007
18 01 2007
25 11 2006
18 01 2007
27 11 2006
18 01 2007
25 11 2006
18 01 2007
29 11 2006
26 11 2006
18 01 2007
25 11 2006
25 11 2006
25 11 2006
18 01 2007
18 01 2007
18 01 2007
18 01 2007
18 01 2007
18 01 2007
18 01 2007
28 11 2006
18 01 2007
25 11 2006
18 01 2007
18 01 2007
25 11 2006
18 01 2007
18 01 2007
25 11 2006
18 01 2007
25 11 2006
25 11 2006
25 11 2006
25 11 2006
25 11 2006
25 11 2006
18 01 2007
18 01 2007
18 01 2007
25 11 2006
18 01 2007
25 11 2006
25 11 2006
18 01 2007
18 01 2007
25 11 2006
18 01 2007
25 11 2006
27 11 2006
27 11 2006
18 01 2007
18 01 2007
27 11 2006
25 11 2006
25 11 2006
25 11 2006
18 01 2007
18 01 2007
25 11 2006
18 01 2007
25 11 2006
18 01 2007
25 11 2006
27 11 2006
18 01 2007
18 01 2007
27 11 2006
18 01 2007
18 01 2007
28 11 2006
18 01 2007
18 01 2007
28 11 2006
18 01 2007
18 01 2007
28 11 2006
28 11 2006
28 11 2006
18 01 2007
18 01 2007
28 11 2006
28 11 2006
28 11 2006
18 01 2007
18 01 2007
28 11 2006
18 01 2007
18 01 2007
27 11 2006
18 01 2007
25 11 2006
18 01 2007
25 11 2006
25 11 2006
25 11 2006
18 01 2007
25 11 2006
25 11 2006
18 01 2007
18 01 2007
25 11 2006
18 01 2007
18 01 2007
25 11 2006
28 11 2006
18 01 2007
25 11 2006
18 01 2007
25 11 2006
18 01 2007
18 01 2007
25 11 2006
25 11 2006
25 11 2006
25 11 2006
18 01 2007
18 01 2007
25 11 2006
25 11 2006
25 11 2006
25 11 2006
18 01 2007
18 01 2007
25 11 2006
18 01 2007
18 01 2007
25 11 2006
18 01 2007
25 11 2006
18 01 2007
28 11 2006
18 01 2007
18 01 2007
27 11 2006
18 01 2007
27 11 2006
27 11 2006
18 01 2007
18 01 2007
27 11 2006
25 11 2006
25 11 2006
27 11 2006
27 11 2006
18 01 2007
18 01 2007
27 11 2006
27 11 2006
27 11 2006
18 01 2007
18 01 2007
27 11 2006
25 11 2006
25 11 2006
18 01 2007
18 01 2007
25 11 2006
18 01 2007
18 01 2007
18 01 2007
18 01 2007
25 11 2006
18 01 2007
27 11 2006
27 11 2006
27 11 2006
18 01 2007
18 01 2007
27 11 2006
27 11 2006
18 01 2007
18 01 2007
27 11 2006
18 01 2007
27 11 2006
18 01 2007
08 02 2007
25 11 2006
25 11 2006
18 01 2007
18 01 2007
25 11 2006
18 01 2007
25 11 2006
18 01 2007
18 01 2007
25 11 2006
18 01 2007
18 01 2007
25 11 2006
18 01 2007
18 01 2007
25 11 2006
18 01 2007
18 01 2007
25 11 2006
18 01 2007
18 01 2007
25 11 2006
18 01 2007
18 01 2007
25 11 2006
18 01 2007
18 01 2007
27 11 2006
18 01 2007
27 11 2006
27 11 2006
18 01 2007
18 01 2007
27 11 2006
18 01 2007
18 01 2007
28 11 2006
26 11 2006
26 11 2006
26 11 2006
18 01 2007
18 01 2007
27 11 2006
09 01 2007
18 01 2007
18 01 2007
18 01 2007
18 01 2007
27 11 2006
18 01 2007
18 01 2007
03 04 2007
18 01 2007
18 01 2007
27 11 2006
18 01 2007
18 01 2007
03 04 2007
18 01 2007
18 01 2007
18 01 2007
27 11 2006
18 01 2007
18 01 2007
03 04 2007
18 01 2007
18 01 2007
18 01 2007
27 11 2006
18 01 2007
18 01 2007
27 11 2006
18 01 2007
18 01 2007
03 04 2007
18 01 2007
18 01 2007
27 11 2006
18 01 2007
18 01 2007
27 11 2006
18 01 2007
18 01 2007
25 11 2006
25 11 2006
18 01 2007
18 01 2007
25 11 2006
26 11 2006
18 01 2007
18 01 2007
18 01 2007
27 11 2006
18 01 2007
18 01 2007
27 11 2006
18 01 2007
25 11 2006
25 11 2006
25 11 2006
18 01 2007
18 01 2007
25 11 2006
26 11 2006
25 11 2006
25 11 2006
25 11 2006
25 11 2006
30 01 2007
27 11 2006
18 01 2007
18 01 2007
30 01 2007
30 01 2007
27 11 2006
18 01 2007
18 01 2007
30 01 2007
26 11 2006
18 01 2007
18 01 2007
01 03 2007
18 01 2007
25 11 2006
18 01 2007
18 01 2007
18 01 2007
27 11 2006
18 01 2007
18 01 2007
27 11 2006
18 01 2007
25 11 2006
18 01 2007
18 01 2007
18 01 2007
09 01 2007
27 11 2006
18 01 2007
18 01 2007
27 11 2006
18 01 2007
18 01 2007
10 04 2007
18 01 2007
25 11 2006
18 01 2007
27 11 2006
18 01 2007
27 11 2006
18 01 2007
27 11 2006
18 01 2007
27 11 2006
27 11 2006
27 11 2006
18 01 2007
18 01 2007
27 11 2006
27 11 2006
27 11 2006
18 01 2007
27 11 2006
18 01 2007
18 01 2007
27 11 2006
25 11 2006
25 11 2006
18 01 2007
18 01 2007
25 11 2006
18 01 2007
18 01 2007
25 11 2006
18 01 2007
25 11 2006
25 11 2006
27 11 2006
25 11 2006
25 11 2006
18 01 2007
18 01 2007
25 11 2006
18 01 2007
25 11 2006
18 01 2007
27 11 2006
25 11 2006
25 11 2006
18 01 2007
25 11 2006
18 01 2007
25 11 2006
18 01 2007
25 11 2006
18 01 2007
25 11 2006
25 11 2006
25 11 2006
07 12 2006
18 01 2007
25 11 2006
07 02 2007
18 01 2007
18 01 2007
27 11 2006
15 11 2000
10 01 2003
23 01 2000
18 01 2007
18 01 2007
18 01 2007
25 08 1999
18 01 2007
14 10 1998
18 01 2007
29 06 1999
18 01 2007
25 11 2006
18 01 2007
25 11 2006
18 01 2007
27 11 2006
18 01 2007
28 11 2006
18 01 2007
25 11 2006
18 01 2007
27 11 2006
18 01 2007
27 11 2006
18 01 2007
27 11 2006
18 01 2007
27 11 2006
18 01 2007
27 11 2006
18 01 2007
27 11 2006
18 01 2007
18 01 2007
27 11 2006
18 01 2007
27 11 2006
18 01 2007
27 11 2006
18 01 2007
27 11 2006
18 01 2007
27 11 2006
18 01 2007
27 11 2006
18 01 2007
27 11 2006
18 01 2007
27 11 2006
18 01 2007
18 01 2007
28 11 2006
18 01 2007
18 01 2007
27 11 2006
18 01 2007
27 11 2006
27 11 2006
18 01 2007
18 01 2007
27 11 2006
27 11 2006
18 01 2007
18 01 2007
27 11 2006
25 11 2006
25 11 2006
18 01 2007
25 11 2006
18 01 2007
27 11 2006
18 01 2007
18 01 2007
25 11 2006
25 11 2006
25 11 2006
18 01 2007
18 01 2007
25 11 2006
25 11 2006
25 11 2006
18 01 2007
18 01 2007
25 11 2006
27 11 2006
25 11 2006
27 11 2006
18 01 2007
18 01 2007
27 11 2006
18 01 2007
27 11 2006
18 01 2007
25 11 2006
18 01 2007
27 11 2006
18 01 2007
18 01 2007
25 11 2006
18 01 2007
27 11 2006
18 01 2007
25 11 2006
25 11 2006
25 11 2006
18 01 2007
25 11 2006
25 11 2006
25 11 2006
18 01 2007
18 01 2007
18 01 2007
18 01 2007
25 11 2006
26 11 2006
18 01 2007
18 01 2007
26 11 2006
18 01 2007
28 11 2006
28 11 2006
18 01 2007
18 01 2007
28 11 2006
18 01 2007
18 01 2007
28 11 2006
27 11 2006
28 12 2006
18 01 2007
27 11 2006
25 11 2006
25 11 2006
25 11 2006
18 01 2007
18 01 2007
25 11 2006
25 11 2006
25 11 2006
18 01 2007
18 01 2007
25 11 2006
25 11 2006
18 01 2007
18 01 2007
25 11 2006
17 02 2007
19 04 2007
25 11 2006
25 11 2006
18 01 2007
18 01 2007
25 11 2006
27 11 2006
27 11 2006
18 01 2007
18 01 2007
27 11 2006
18 01 2007
18 01 2007
27 11 2006
18 01 2007
26 02 2007
18 01 2007
26 02 2007
18 01 2007
27 11 2006
18 01 2007
27 11 2006
18 01 2007
27 11 2006
18 01 2007
27 11 2006
25 11 2006
25 11 2006
25 11 2006
25 11 2006
25 11 2006
25 11 2006
18 01 2007
18 01 2007
05 04 2007
25 11 2006
25 11 2006
18 01 2007
18 01 2007
25 11 2006
27 11 2006
18 01 2007
18 01 2007
27 11 2006
18 01 2007
27 11 2006
27 11 2006
27 11 2006
18 01 2007
18 01 2007
27 11 2006
27 11 2006
27 11 2006
18 01 2007
18 01 2007
27 11 2006
27 11 2006
27 11 2006
18 01 2007
18 01 2007
27 11 2006
18 01 2007
18 01 2007
18 01 2007
18 01 2007
18 01 2007
25 11 2006
25 11 2006
25 11 2006
18 01 2007
25 11 2006
25 11 2006
18 01 2007
18 01 2007
25 11 2006
27 11 2006
27 11 2006
27 11 2006
18 01 2007
18 01 2007
27 11 2006
27 11 2006
27 11 2006
18 01 2007
18 01 2007
27 11 2006
27 11 2006
27 11 2006
18 01 2007
18 01 2007
27 11 2006
27 11 2006
27 11 2006
18 01 2007
18 01 2007
27 11 2006
27 11 2006
27 11 2006
27 11 2006
18 01 2007
18 01 2007
27 11 2006
27 11 2006
27 11 2006
18 01 2007
18 01 2007
27 11 2006
27 11 2006
27 11 2006
18 01 2007
18 01 2007
27 11 2006
27 11 2006
27 11 2006
18 01 2007
18 01 2007
27 11 2006
27 11 2006
27 11 2006
18 01 2007
18 01 2007
27 11 2006
27 11 2006
27 11 2006
18 01 2007
18 01 2007
27 11 2006
27 11 2006
27 11 2006
18 01 2007
18 01 2007
27 11 2006
18 01 2007
18 01 2007
05 04 2007
27 11 2006
27 11 2006
18 01 2007
18 01 2007
27 11 2006
27 11 2006
27 11 2006
18 01 2007
18 01 2007
27 11 2006
27 11 2006
27 11 2006
18 01 2007
18 01 2007
27 11 2006
27 11 2006
27 11 2006
18 01 2007
18 01 2007
27 11 2006
27 11 2006
27 11 2006
18 01 2007
18 01 2007
27 11 2006
27 11 2006
27 11 2006
18 01 2007
18 01 2007
27 11 2006
27 11 2006
27 11 2006
18 01 2007
18 01 2007
27 11 2006
27 11 2006
27 11 2006
18 01 2007
18 01 2007
27 11 2006
27 11 2006
27 11 2006
27 11 2006
27 11 2006
18 01 2007
18 01 2007
27 11 2006
18 01 2007
18 01 2007
27 11 2006
27 11 2006
27 11 2006
18 01 2007
18 01 2007
27 11 2006
27 11 2006
27 11 2006
18 01 2007
18 01 2007
05 04 2007
27 11 2006
27 11 2006
18 01 2007
18 01 2007
27 11 2006
27 11 2006
27 11 2006
18 01 2007
18 01 2007
27 11 2006
25 11 2006
25 11 2006
18 01 2007
18 01 2007
25 11 2006
27 11 2006
27 11 2006
18 01 2007
18 01 2007
27 11 2006
25 11 2006
25 11 2006
18 01 2007
18 01 2007
25 11 2006
25 11 2006
25 11 2006
18 01 2007
18 01 2007
25 11 2006
27 11 2006
27 11 2006
27 11 2006
18 01 2007
18 01 2007
27 11 2006
27 11 2006
18 01 2007
18 01 2007
05 04 2007
27 11 2006
27 11 2006
18 01 2007
18 01 2007
27 11 2006
18 01 2007
05 04 2007
27 11 2006
27 11 2006
27 11 2006
27 11 2006
18 01 2007
18 01 2007
27 11 2006
18 01 2007
04 12 2006
18 01 2007
18 01 2007
05 04 2007
28 11 2006
28 11 2006
18 01 2007
18 01 2007
28 11 2006
25 11 2006
25 11 2006
18 01 2007
18 01 2007
25 11 2006
27 11 2006
27 11 2006
18 01 2007
18 01 2007
27 11 2006
27 11 2006
27 11 2006
18 01 2007
18 01 2007
27 11 2006
25 11 2006
25 11 2006
18 01 2007
18 01 2007
25 11 2006
18 01 2007
25 11 2006
18 01 2007
05 04 2007
18 01 2007
27 11 2006
25 11 2006
25 11 2006
18 01 2007
18 01 2007
25 11 2006
25 11 2006
25 11 2006
18 01 2007
18 01 2007
25 11 2006
25 11 2006
25 11 2006
25 11 2006
25 11 2006
18 01 2007
18 01 2007
25 11 2006
27 11 2006
27 11 2006
18 01 2007
18 01 2007
27 11 2006
25 11 2006
25 11 2006
18 01 2007
18 01 2007
25 11 2006
18 01 2007
18 01 2007
25 11 2006
27 11 2006
27 11 2006
18 01 2007
18 01 2007
27 11 2006
25 11 2006
25 11 2006
18 01 2007
18 01 2007
25 11 2006
27 11 2006
27 11 2006
18 01 2007
18 01 2007
27 11 2006
27 11 2006
27 11 2006
27 11 2006
27 11 2006
18 01 2007
18 01 2007
27 11 2006
18 01 2007
18 01 2007
27 11 2006
25 11 2006
25 11 2006
18 01 2007
18 01 2007
25 11 2006
27 11 2006
27 11 2006
18 01 2007
18 01 2007
27 11 2006
25 11 2006
25 11 2006
27 11 2006
27 11 2006
18 01 2007
18 01 2007
27 11 2006
18 01 2007
18 01 2007
25 11 2006
27 11 2006
27 11 2006
18 01 2007
18 01 2007
27 11 2006
25 11 2006
25 11 2006
27 11 2006
27 11 2006
18 01 2007
18 01 2007
27 11 2006
27 11 2006
27 11 2006
18 01 2007
18 01 2007
27 11 2006
18 01 2007
18 01 2007
25 11 2006
27 11 2006
27 11 2006
18 01 2007
18 01 2007
27 11 2006
27 11 2006
27 11 2006
18 01 2007
18 01 2007
27 11 2006
27 11 2006
27 11 2006
18 01 2007
18 01 2007
27 11 2006
18 01 2007
25 11 2006
18 01 2007
18 01 2007
28 11 2006
18 01 2007
25 11 2006
25 11 2006
18 01 2007
25 11 2006
18 01 2007
25 11 2006
18 01 2007
25 11 2006
25 11 2006
25 11 2006
18 01 2007
18 01 2007
25 11 2006
29 11 2006
18 01 2007
18 01 2007
29 11 2006
18 01 2007
18 01 2007
18 01 2007
27 11 2006
18 01 2007
27 11 2006
31 01 2007
28 01 2007
28 12 2006
28 12 2006
27 11 2006
28 12 2006
04 05 2007
08 01 2007
26 11 2006
28 12 2006
15 03 2007
28 12 2006
27 11 2006
25 11 2006
29 11 2006
28 12 2006
24 01 2005
29 11 2006
27 11 2006
27 11 2006
27 11 2006
27 11 2006
28 12 2006
28 12 2006
28 12 2006
27 11 2006
27 11 2006
15 03 2007
28 12 2006
31 01 2007
27 11 2006
26 11 2006
28 12 2006
27 11 2006
28 11 2006
18 01 2007
18 04 2005
28 12 2006
17 04 2007
27 11 2006
28 12 2006
25 11 2006
28 12 2006
04 05 2007
28 12 2006
28 12 2006
28 12 2006
28 12 2006
28 12 2006
26 11 2006
28 11 2006
18 01 2007
25 11 2006
28 12 2006
26 11 2006
28 12 2006
28 12 2006
25 11 2006
28 12 2006
28 12 2006
25 11 2006
27 11 2006
28 12 2006
27 11 2006
27 11 2006
28 12 2006
28 12 2006
03 05 2007
28 12 2006
28 12 2006
28 12 2006
28 12 2006
07 01 2007
28 12 2006
25 11 2006
27 11 2006
28 11 2006
34 05 2007
28 13 2006
25 11 2006
18 01 2007
28 12 2006
25 11 2006
28 12 2006
15 03 2007
28 12 2006
31 01 2007
